ret:
1.732525435359071
mat_inter:
[[2.89712861e+03 0.00000000e+00 2.00321709e+03]
 [0.00000000e+00 2.89881142e+03 1.52544895e+03]
 [0.00000000e+00 0.00000000e+00 1.00000000e+00]]
coff_dis:
[[ 0.09112379 -0.2614739   0.00038883  0.00043662  0.20930954]]
v_rot:
(array([[-0.0323397 ],
       [-0.04594955],
       [-0.01249617]]), array([[-0.02449553],
       [-0.03809629],
       [ 0.02089647]]), array([[-0.03194995],
       [-0.02452816],
       [ 0.01576523]]), array([[ 0.0094524 ],
       [-0.01709654],
       [-0.01789515]]), array([[-0.03036084],
       [-0.05184326],
       [-0.00894225]]), array([[-0.02187062],
       [-0.04300426],
       [-0.05188493]]), array([[-0.1093162 ],
       [-0.03628253],
       [-0.00787507]]), array([[-0.02916739],
       [-0.04426072],
       [-0.00274676]]), array([[-0.04138626],
       [-0.05686861],
       [-0.01918496]]), array([[-0.04633116],
       [-0.04207882],
       [-0.02143718]]), array([[-0.05945072],
       [-0.04907058],
       [-0.0288941 ]]))
v_trans:
(array([[-0.11173732],
       [-0.06627758],
       [ 0.24672254]]), array([[-0.0503624 ],
       [-0.12017875],
       [ 0.24897183]]), array([[-0.06553746],
       [-0.11584646],
       [ 0.24736354]]), array([[-0.08191719],
       [-0.04268468],
       [ 0.23068769]]), array([[-0.08711716],
       [-0.08351515],
       [ 0.24707548]]), array([[-0.1399834 ],
       [-0.03918237],
       [ 0.23130019]]), array([[-0.10370229],
       [-0.04388466],
       [ 0.29922513]]), array([[-0.09783987],
       [-0.11867123],
       [ 0.25216837]]), array([[-0.15391444],
       [-0.10373628],
       [ 0.25132561]]), array([[-0.13771203],
       [-0.04569714],
       [ 0.26517702]]), array([[-0.16143291],
       [-0.02497163],
       [ 0.26259618]]))
Average_error:
0.29110761629867965
